original	custom	sklearn
0.6835119515543189	0.5261019672777627	0.5261019672777626
3.752341678431773	0.7917662060738806	0.7917662060738805
1.9008476763721005	0.6314849951664099	0.6314849951664099
-1.1538073113248062	0.3670478434457177	0.3670478434457177
-1.796829342696716	0.31138233779794433	0.31138233779794433
0.9838383430130114	0.5521007972155973	0.5521007972155972
-2.6404664140412843	0.23834987255035692	0.2383498725503569
3.662917531708708	0.7840248844680878	0.7840248844680877
2.358880241442574	0.6711362249748143	0.6711362249748142
-0.9383513042094096	0.3856995645311374	0.3856995645311374
-3.426269058181755	0.17032405167434223	0.17032405167434223
2.7077447483308257	0.7013369307532197	0.7013369307532197
-0.2290796905052357	0.447100202599819	0.447100202599819
2.4756326239469235	0.6812433132091331	0.6812433132091331
-3.188855317588734	0.19087662261758587	0.1908766226175858
-1.1987500459075455	0.3631572146279084	0.3631572146279084
0.0104873994363663	0.4678391859433801	0.4678391859433801
0.0939611875294841	0.47506539343836246	0.47506539343836246
-0.9001309429584873	0.3890082470198757	0.3890082470198757
1.2456998646949975	0.5747697779082547	0.5747697779082547
-2.1352408587651888	0.282086532615671	0.28208653261567096
-0.284758970042587	0.4422801263064179	0.44228012630641783
0.2405912634237977	0.4877589512320417	0.4877589512320417
1.028877668117498	0.5559997877379386	0.5559997877379386
1.4232297561777796	0.5901382889309629	0.5901382889309628
-2.2492841836757385	0.2722139636566343	0.27221396365663425
-3.068228341471245	0.20131912892800846	0.2013191289280084
2.555353643797018	0.6881446488775917	0.6881446488775917
0.6646280239591833	0.5244672124374714	0.5244672124374714
-1.4969730731131072	0.3373404699515417	0.33734046995154165
3.102303951045046	0.7354933615682103	0.7354933615682103
0.2313492685857173	0.48695888484122424	0.4869588848412242
2.358594368127653	0.6711114773272222	0.6711114773272222
0.1350369628202179	0.4786212650724256	0.4786212650724256
4.121495849763974	0.8237233593386751	0.8237233593386752
3.510681684886409	0.7708460430324374	0.7708460430324373
-0.497928296958147	0.4238263598840866	0.4238263598840866
1.9431419019087108	0.6351463463108696	0.6351463463108696
1.290751899170295	0.578669868662809	0.578669868662809
2.7372631150646973	0.703892293913377	0.703892293913377
-1.929846921160209	0.2998671946085035	0.2998671946085034
1.3721029199968786	0.5857123112049607	0.5857123112049607
2.116848973699176	0.6501839212524002	0.6501839212524002
-3.517478972846229	0.16242813866953315	0.16242813866953315
-2.36651702533155	0.2620652827547171	0.2620652827547171
-4.078464355520201	0.11386442939672443	0.11386442939672442
-0.5388136688891155	0.42028697119894476	0.42028697119894476
1.4350845115919246	0.5911645383007569	0.5911645383007568
3.004714104192056	0.7270451468786293	0.7270451468786292
0.1481895608395503	0.47975986683660776	0.4797598668366077
3.257231091142584	0.7489051844472696	0.7489051844472695
-2.7602029164297828	0.22798445328823433	0.2279844532882343
-0.1110953977932375	0.4573139355543431	0.457313935554343
0.7681308978786145	0.5334273094973349	0.5334273094973349
-0.0653894961881862	0.4612706306593371	0.46127063065933704
-4.134884200079753	0.10898024343924553	0.1089802434392455
0.00862158892718702	0.4676776653727477	0.4676776653727477
-2.6089390010097064	0.24107915600029511	0.2410791560002951
1.339345097660077	0.5828765129658124	0.5828765129658124
0.7331964921936965	0.5304030875234681	0.530403087523468
-1.8797595726547105	0.30420318536012086	0.3042031853601208
-1.027733834673387	0.3779618455858948	0.37796184558589474
-2.118427043777903	0.2835420807422857	0.2835420807422857
-0.1253581945463437	0.45607922545969953	0.45607922545969953
1.9102846410024763	0.6323019398157389	0.632301939815739
-1.9714520926710877	0.2962654938941839	0.2962654938941839
1.0080930310356888	0.5542004911720093	0.5542004911720092
-1.0605152367448816	0.37512400608254304	0.375124006082543
-1.5857456645246883	0.32965555256535845	0.3296555525653584
-0.2140607199091156	0.44840037359202956	0.4484003735920295
-2.070484644838748	0.2876923862508256	0.2876923862508256
-1.107298610694364	0.37107403572421704	0.371074035724217
-2.395755785177697	0.2595341247664331	0.2595341247664331
0.0705271039434572	0.47303673804466595	0.47303673804466584
-1.3994510159851712	0.3457828161807299	0.3457828161807299
0.427959821468444	0.5039791816707978	0.5039791816707978
-0.2246560993816596	0.447483146612091	0.447483146612091
-0.4419391990664459	0.4286732567131964	0.42867325671319634
1.2283334000868504	0.5732663876874498	0.5732663876874496
1.5150154200946102	0.5980840437323125	0.5980840437323125
-1.061002295221055	0.3750818421207603	0.37508184212076023
-1.15163648128936	0.3672357691243149	0.3672357691243149
-0.550103394303288	0.4193096356752092	0.4193096356752091
-4.60384232947117	0.06838320301667764	0.06838320301667761
-3.0303821243971045	0.20459542228578445	0.20459542228578442
2.7337485348890493	0.7035880416901684	0.7035880416901683
3.289935427002568	0.751736352437947	0.751736352437947
-0.4980720791127566	0.4238139128668011	0.42381391286680103
1.1531139261115328	0.5667547444635586	0.5667547444635586
0.6225003090870722	0.5208202758851762	0.5208202758851762
6.157761616910475	1.0	1.0
2.239149822869153	0.6607713323799379	0.6607713323799379
-0.255835182961533	0.44478401754896246	0.44478401754896246
-1.9110808812008515	0.30149174408329393	0.30149174408329393
-3.212892640515145	0.18879574564940066	0.1887957456494006
0.4069272717344462	0.5021584236580326	0.5021584236580326
-1.5127014905686067	0.3359788831504928	0.33597888315049274
-2.8445074191953483	0.22068633200175686	0.22068633200175683
-1.2931457684850531	0.3549855107485669	0.3549855107485669
-2.16309600722879	0.27967515190323733	0.27967515190323733
3.374283270145129	0.7590382256394177	0.7590382256394177
1.763279513898901	0.6195759143705816	0.6195759143705816
-0.0159452826332347	0.4655509461300538	0.46555094613005377
2.959888277780052	0.7231646386354205	0.7231646386354205
0.1547366152952366	0.4803266360591206	0.48032663605912057
-1.722568402656527	0.31781100209797863	0.3178110020979786
3.0462481545393145	0.7306406907346421	0.7306406907346421
1.0778200873693171	0.5602366635872236	0.5602366635872236
-2.074492308652913	0.2873454484760719	0.2873454484760719
-0.3806773561672164	0.4339766076024721	0.43397660760247203
-1.7512365067695144	0.3153292449674994	0.31532924496749937
-2.765599461928672	0.22751728199504245	0.22751728199504243
1.8523550950632828	0.6272870611501182	0.6272870611501182
3.818833280940261	0.797522289838334	0.797522289838334
-2.7971351476382824	0.22478728239109513	0.22478728239109508
1.1259384733811415	0.5644022040471487	0.5644022040471487
-1.301285138243654	0.35428089704769566	0.3542808970476956
-0.974250767529392	0.38259179888595896	0.38259179888595884
-1.1847878484777383	0.3643659022652916	0.3643659022652916
-1.727981539359632	0.317342394527759	0.317342394527759
0.0970432558896539	0.4753322037268744	0.4753322037268744
-1.6619002328220756	0.32306295955168285	0.32306295955168285
0.5409136515596776	0.513757434607896	0.5137574346078959
-0.1004762188982739	0.45823322281654016	0.45823322281654016
-0.4778960937328195	0.4255605193177809	0.4255605193177808
-1.815127324083196	0.3097983074902443	0.3097983074902443
-1.1535426611366657	0.36707075383731225	0.36707075383731225
1.510782451651512	0.597717601655245	0.5977176016552449
1.0018343752487615	0.55365868821339	0.5536586882133899
-1.955110489597102	0.297680163304916	0.2976801633049159
0.1986646108584517	0.4841294203585986	0.4841294203585985
1.502774246743578	0.5970243427095444	0.5970243427095443
-3.3388105622427435	0.1778952096784496	0.17789520967844957
1.08672038475987	0.5610071497144308	0.5610071497144308
-1.3252475178916934	0.3522065078128725	0.35220650781287244
1.1411973371863189	0.5657231422543724	0.5657231422543724
-1.5265183130850335	0.33478278041326387	0.3347827804132638
-3.609764201329038	0.15443913727193614	0.1544391372719361
-3.2550848757663253	0.18514322365935962	0.1851432236593596
0.0961698933227639	0.4752565979676191	0.47525659796761904
0.5194450034429637	0.5118989241763928	0.5118989241763928
-1.8086332502088167	0.31036049025894363	0.31036049025894363
1.2771849175547478	0.5774953942981714	0.5774953942981714
-3.32304012453792	0.17926043411291062	0.1792604341129106
-0.1321595972946331	0.45549043766608394	0.45549043766608394
-2.4220323995249133	0.2572593955145775	0.25725939551457744
-1.3036722156043183	0.3540742511447268	0.35407425114472674
0.094797342632828	0.4751377782002474	0.4751377782002474
-1.7208267305679048	0.31796177618153365	0.3179617761815336
-0.7691110884596507	0.40035045007785636	0.40035045007785636
2.012585618428881	0.6411579904001219	0.6411579904001219
-1.1537837390462975	0.36704988406445	0.36704988406445
1.6713842241302836	0.6116206694146586	0.6116206694146585
-2.259413709315236	0.27133706498258464	0.2713370649825846
1.0596083558305656	0.5586600998065655	0.5586600998065655
2.8831372413158007	0.7165204102181484	0.7165204102181484
-4.943289000254579	0.038997785958264274	0.03899778595826425
-1.5937905109409536	0.32895912161622803	0.3289591216162281
1.15414425436108	0.5668439385194324	0.5668439385194323
-0.4060907720859854	0.4317766042148164	0.43177660421481634
0.7422917467426177	0.5311904508154858	0.5311904508154857
-1.2079703734316412	0.36235902394574493	0.36235902394574493
0.1731795749457998	0.4819232169296076	0.48192321692960755
-0.3113544707841589	0.43997779151148597	0.4399777915114859
2.3355641233196147	0.6691177816840165	0.6691177816840165
0.5088416866024262	0.5109810100697598	0.5109810100697598
0.6752053241504044	0.5253828743196567	0.5253828743196567
-0.8237539322449348	0.3956200965581636	0.39562009655816355
-0.9752124481449872	0.3825085475584351	0.38250854755843505
-0.8651163756392418	0.3920394084727816	0.39203940847278157
0.7889042847565937	0.5352256321490679	0.5352256321490679
-0.8419689616405259	0.3940432472867143	0.39404324728671425
0.5795497137928258	0.517102103741329	0.5171021037413289
4.150801597290878	0.8262603163555143	0.8262603163555142
1.7422494068633847	0.6177553678187611	0.617755367818761
-0.6520470643356823	0.41048451668537345	0.4104845166853734
2.4024278443278897	0.6749060792194466	0.6749060792194466
-0.8161507460431028	0.3962782936086693	0.39627829360866923
-4.076249070355708	0.11405620349281946	0.11405620349281942
-2.016172621834808	0.2923941010844799	0.29239410108447983
-3.741583842051712	0.1430276978544095	0.1430276978544095
-0.7030269680826173	0.4060712586918746	0.40607125869187455
0.0368367583791034	0.4701202125917405	0.47012021259174047
3.3528746245505654	0.7571849095411919	0.757184909541192
0.6538547475283253	0.5235345851700549	0.5235345851700549
-0.4382010576177285	0.42899686231887335	0.42899686231887335
1.6588111623669783	0.610532237282556	0.610532237282556
-4.42227061801577	0.08410160866435379	0.08410160866435373
0.4712291162171318	0.5077249431745979	0.5077249431745979
1.5417303877739337	0.6003967206106781	0.6003967206106781
-2.957172491559683	0.21093307641170642	0.2109330764117064
2.287508086413858	0.6649576386978118	0.6649576386978117
0.6769928149888282	0.525537614867425	0.525537614867425
-0.8305758278016026	0.39502953473117913	0.3950295347311792
1.2655637322125697	0.576489364758377	0.5764893647583769
4.541385715608792	0.8600726297497677	0.8600726297497676
0.3637325101169903	0.49841911438173814	0.49841911438173814
0.4964411726006721	0.509907515152755	0.5099075151527549
-0.9187217990804882	0.38739886296152815	0.38739886296152815
-1.6996887389295836	0.3197916621504718	0.3197916621504717
1.6606716330884912	0.6106932955953404	0.6106932955953402
-1.7121676518177344	0.31871138035301705	0.318711380353017
0.1431324744387849	0.4793220820362915	0.4793220820362915
-0.9553148935302334	0.3842310506528024	0.3842310506528024
0.9579596514927836	0.5498605155787415	0.5498605155787415
0.6673242105738966	0.5247006174903411	0.5247006174903411
2.0750798885157984	0.6465680307638317	0.6465680307638317
-1.020032797709494	0.3786285134381497	0.3786285134381497
-0.5397498705867425	0.4202059255452282	0.4202059255452282
-1.9575274315646147	0.2974709320652711	0.2974709320652711
-0.8885865201522232	0.39000763133576194	0.3900076313357619
0.7546009860897044	0.5322560442150356	0.5322560442150356
1.5139772332907038	0.5979941693725289	0.5979941693725289
-1.8443306483552508	0.30727021710937275	0.30727021710937275
1.7392118402113204	0.61749240998003	0.61749240998003
2.711275717609902	0.7016426017578774	0.7016426017578774
0.8268698064474017	0.5385122535383715	0.5385122535383715
3.753591625116132	0.7918744121863043	0.7918744121863043
-1.547578398207146	0.3329596387009864	0.3329596387009863
-2.489309406622834	0.2514353203882797	0.25143532038827965
-3.557440497808557	0.1589687261067348	0.15896872610673474
2.992088622978366	0.7259521768690215	0.7259521768690216
1.3087313127081155	0.5802263210034821	0.5802263210034821
-0.1111693418209101	0.45730753432469734	0.4573075343246974
0.5599372526396406	0.5154042807837546	0.5154042807837546
-2.250978094596753	0.2720673241896484	0.2720673241896484
4.891503959233653	0.890381869740047	0.890381869740047
0.2187895892097857	0.4858716112034245	0.4858716112034244
1.451533247797384	0.5925884820747986	0.5925884820747985
0.9620184634734265	0.5502118811777548	0.5502118811777548
0.4477680485582627	0.5056939518079705	0.5056939518079705
-1.5809489108906238	0.33007080072713346	0.3300708007271334
0.9429367142719914	0.5485600012014565	0.5485600012014564
3.7640489929500673	0.7927796916943466	0.7927796916943466
2.690840092309956	0.6998735186471123	0.6998735186471123
3.186373253278794	0.7427711218780906	0.7427711218780906
-1.0224313528623703	0.378420873918981	0.378420873918981
-1.9792096405171615	0.29559393397497374	0.2955939339749737
-0.2515738401992963	0.4451529159506118	0.4451529159506118
0.1114498245773892	0.47657935995407424	0.4765793599540742
2.188383036941897	0.6563765236939529	0.6563765236939529
-3.3849292594296387	0.1739027794451529	0.17390277944515287
3.0591006389212274	0.731753312086702	0.731753312086702
-0.3160157971579788	0.439574267095636	0.439574267095636
-0.8537621398948401	0.3930223285643493	0.3930223285643493
-2.024208750520335	0.29169842481694047	0.2916984248169404
-3.3097133437315387	0.18041411463402982	0.1804141146340298
1.6463411679238291	0.6094527275422414	0.6094527275422414
0.1466359343768077	0.47962537159629415	0.4796253715962941
-2.579921799482108	0.24359113399904406	0.24359113399904403
-2.590157544127232	0.24270504009626337	0.24270504009626334
-0.6715693985802564	0.4087944958865051	0.4087944958865051
3.338043050578786	0.7559009612090796	0.7559009612090796
-0.5191827027272096	0.42198639610888977	0.4219863961088897
-3.0062859062362124	0.20668139773092334	0.2066813977309233
-0.4914861281718886	0.42438404930289286	0.4243840493028928
-0.545447139495341	0.4197127210527914	0.4197127210527914
-5.393773285883143	0.0	0.0
-0.1085897330356244	0.4575308474001452	0.4575308474001452
-0.4618690604173559	0.42694795687048115	0.4269479568704811
1.3924127296268367	0.587470502631543	0.587470502631543
3.6979121898906895	0.7870543224152058	0.7870543224152058
2.253130059095515	0.6619815816103654	0.6619815816103654
-0.5377773811096611	0.4203766811628738	0.4203766811628738
-2.2130518174833407	0.2753505482315236	0.27535054823152355
5.146719606499721	0.9124755265063308	0.9124755265063307
0.1184368680289765	0.47718421840019276	0.4771842184001927
0.0278585838258924	0.4693429847489679	0.46934298474896785
-0.0482501742200065	0.46275435746381866	0.46275435746381866
0.3961695215357099	0.5012271404745196	0.5012271404745196
-0.2887208238478849	0.4419371542391872	0.44193715423918717
-1.1473240137604723	0.36760909332453395	0.36760909332453395
-1.0937178824807845	0.3722497001123578	0.37224970011235775
-0.0655065404319967	0.46126049830508326	0.46126049830508326
-1.08684954226753	0.3728442825874186	0.3728442825874186
-1.4256915653543287	0.3435112090228957	0.34351120902289567
0.2128604553837936	0.4853583344938023	0.4853583344938022
-0.5099544348417105	0.4227852741768829	0.4227852741768829
3.007985977165377	0.7273283882834168	0.727328388283417
-5.301939616786024	0.007949910541750628	0.007949910541750593
2.1830137038449235	0.655911708139816	0.655911708139816
2.492170384995258	0.6826749637376126	0.6826749637376126
-4.146780464816299	0.10795040066625883	0.10795040066625877
-0.6853751881606975	0.4075993482549032	0.4075993482549032
-0.7428817319915829	0.40262108828211135	0.4026210882821113
-2.8150233894356425	0.22323872265874006	0.22323872265874004
-1.5556333751817506	0.3322623307637826	0.33226233076378253
-2.221151690931657	0.27464935367024	0.27464935367023996
0.00862158892718702	0.4676776653727477	0.4676776653727477
1.8713567862949223	0.6289320106214689	0.6289320106214689
2.543110189988317	0.6870847504388362	0.6870847504388362
1.4433441280864705	0.5918795615910858	0.5918795615910858
-2.2581035424344584	0.27145048427203866	0.2714504842720386
-1.049040532559547	0.376117354956255	0.376117354956255
0.978749122455836	0.551660230606917	0.551660230606917
-2.4442556177838908	0.2553355630156077	0.2553355630156077
1.425996860344776	0.5903778332157944	0.5903778332157944
-0.48065079631627	0.42532204862045525	0.4253220486204552
-0.749641615099195	0.4020358947849271	0.402035894784927
1.421919936406983	0.5900248996903278	0.5900248996903278
0.8885266229720795	0.5438497967344508	0.5438497967344507
-0.7219323316381598	0.40443464817088043	0.40443464817088043
2.318659606728496	0.6676543816481451	0.6676543816481451
-2.162126655199794	0.2797590673341435	0.27975906733414346
1.2318712138885275	0.5735726512127256	0.5735726512127256
1.1862025159367675	0.5696191767752536	0.5696191767752535
-0.6190928786279806	0.41333731382315747	0.4133373138231574
0.652266044484236	0.5233970533998219	0.5233970533998219
-2.502227152770606	0.25031704941767063	0.2503170494176706
1.848054038413802	0.6269147247735524	0.6269147247735523
-0.369804272885978	0.4349178750074304	0.4349178750074304
-1.045446041038079	0.3764285249913816	0.3764285249913815
2.0980184516737785	0.6485537896565684	0.6485537896565684
-1.4086873810855185	0.34498323714832674	0.3449832371483267
-2.8169225927271198	0.22307431132228486	0.22307431132228484
-3.1132583470478075	0.19742094518398734	0.19742094518398734
1.2120199026912792	0.5718541513454527	0.5718541513454527
-2.560858704992566	0.24524139906338038	0.24524139906338036
3.5095883639687293	0.7707513957905876	0.7707513957905876
-4.163858815767444	0.10647195203628369	0.10647195203628368
3.3929127365800764	0.7606509521378194	0.7606509521378193
0.4220349344052368	0.5034662725974093	0.5034662725974093
-0.1934262237407847	0.45018667267193285	0.4501866726719328
-1.0898381736178997	0.37258556100838003	0.37258556100838003
0.7982722287041417	0.5360366017757349	0.5360366017757348
-0.0752694048496967	0.4604153409731915	0.4604153409731914
2.206603764033043	0.6579538662068288	0.6579538662068287
0.2284552973240793	0.4867083578518682	0.48670835785186817
0.3006035229237552	0.4929541274579686	0.4929541274579685
-0.1138912474421349	0.4570719028138956	0.4570719028138956
0.6156035377841184	0.5202232321709868	0.5202232321709866
-3.420336785313251	0.1708376001264245	0.17083760012642446
-2.696370844211426	0.2335103052858697	0.23351030528586966
1.48652818804543	0.595617944439976	0.595617944439976
0.3417308762558837	0.49651446412995337	0.4965144641299533
-0.3679666727053582	0.43507695344991304	0.435076953449913
0.0368678661307863	0.47012290554570246	0.4701229055457024
0.6951634107233421	0.5271106175798282	0.5271106175798281
-1.079519360618723	0.37347884602080567	0.3734788460208056
-1.556609450804625	0.3321778332808863	0.3321778332808863
0.3916905101953631	0.5008393988126506	0.5008393988126505
-1.956745555230064	0.29753861799109216	0.29753861799109216
0.8165055114289437	0.5376150312120163	0.5376150312120163
-3.4051672084756808	0.1721508088874439	0.17215080888744388
2.0583112746512877	0.6451163956343343	0.6451163956343343
0.945194964826086	0.5487554947504175	0.5487554947504175
0.5120594686277513	0.511259568897864	0.511259568897864
1.965381967891028	0.6370716372933639	0.6370716372933639
3.3309488889251533	0.7552868296920707	0.7552868296920707
2.028740130036261	0.6425564635678281	0.6425564635678281
-2.559153933471403	0.24538897871712415	0.24538897871712412
-1.2496371553913577	0.35875198970221434	0.3587519897022143
0.0521821004216675	0.47144863709737506	0.471448637097375
1.035318040938246	0.5565573216825567	0.5565573216825567
-1.4514876263069312	0.34127808059713444	0.3412780805971344
0.3735335289541566	0.49926757468763183	0.49926757468763183
-1.510765864706645	0.33614644753723877	0.33614644753723877
-1.2230356059838965	0.36105484812157707	0.36105484812157707
-2.8133221936964445	0.22338599276210847	0.22338599276210844
-1.8464664922218088	0.3070853201338166	0.30708532013381656
-2.7033692112326677	0.23290446657437958	0.23290446657437955
-1.9517465059546653	0.2979713785997443	0.29797137859974426
2.107283593215679	0.6493558598247207	0.6493558598247207
-1.898797777663886	0.30255507494281414	0.30255507494281414
5.264764129674782	0.9226944735266538	0.9226944735266538
0.9866358017617785	0.5523429692535392	0.5523429692535392
0.3696722473897478	0.49893330901671445	0.4989333090167144
-1.7167155603624271	0.3183176743578429	0.31831767435784286
1.4006197588179827	0.5881809735135693	0.5881809735135693
-1.151275652475548	0.367267005563182	0.367267005563182
0.2440196292907228	0.4880557400047697	0.4880557400047697
5.120169076537589	0.9101770847680202	0.9101770847680202
-0.1921197994492997	0.4502997679707376	0.45029976797073756
2.298546652571352	0.6659132317207636	0.6659132317207634
-1.4063528502517748	0.345185334172955	0.34518533417295494
-0.0699769809939234	0.4608734986033514	0.46087349860335136
3.54160127127102	0.7735227077912593	0.7735227077912594
-1.2539341155755348	0.3583800079508422	0.3583800079508422
3.6248971159938574	0.7807335109809458	0.7807335109809457
1.4155038709109509	0.5894694699963501	0.5894694699963501
1.94510889925346	0.6353166264824054	0.6353166264824054
1.2436199244343928	0.5745897204286117	0.5745897204286117
-3.140449439780913	0.19506705083471526	0.1950670508347152
-1.4542743516497372	0.3410368377349298	0.34103683773492977
-0.4950372711030095	0.4240766318937776	0.4240766318937776
-0.1488668582000925	0.45404411377527193	0.4540441137752719
1.241344195101356	0.5743927137665372	0.5743927137665371
0.3554020018665076	0.4976979540926005	0.4976979540926004
-2.6706887174202025	0.23573357059280414	0.23573357059280411
0.7603957020119264	0.5327576845572919	0.5327576845572918
1.2211714905676463	0.572646391333764	0.572646391333764
1.1195808958620797	0.5638518375744193	0.5638518375744193
2.161561451109244	0.6540546170332054	0.6540546170332054
1.667844309097808	0.6113142239888114	0.6113142239888114
0.9183601584568734	0.5464324436065628	0.5464324436065628
-0.140331422917294	0.45478301430707346	0.45478301430707346
-3.321921867031983	0.17935724007985335	0.17935724007985332
0.8592364382651717	0.5413141869688753	0.5413141869688753
0.4153753743262223	0.5028897639225834	0.5028897639225833
0.5431576743907469	0.5139516964830453	0.5139516964830453
-2.553497151640619	0.24587867830063284	0.2458786783006328
-2.1621130808165248	0.27976024244925884	0.2797602424492588
2.106305706665807	0.6492712055724416	0.6492712055724416
-0.07911030771331	0.4600828394575111	0.4600828394575111
1.3630013947452488	0.5849244050670994	0.5849244050670994
0.0566367522609223	0.4718342699917688	0.4718342699917688
0.0595122789914903	0.4720832002642188	0.4720832002642188
-1.0320894564347478	0.37758478558495	0.37758478558495
0.1922415538819667	0.4835733854220698	0.48357338542206973
-0.924550577410085	0.38689427388495556	0.38689427388495556
-0.8689924548646312	0.39170386178933164	0.3917038617893316
-0.6183442469372787	0.41340212180729125	0.41340212180729125
0.4442675432674257	0.5053909180275861	0.505390918027586
-0.9574972433269546	0.3840421277248032	0.3840421277248031
2.5115122511470416	0.6843493616695365	0.6843493616695364
-1.7892146044390078	0.31204153489354997	0.3120415348935499
-0.3737432883227181	0.434576880025388	0.434576880025388
-0.8794621165483498	0.3907975180201424	0.3907975180201424
2.8939557687074657	0.71745695479709	0.7174569547970899
0.3931095530231492	0.5009622433384844	0.5009622433384844
2.0636890789372697	0.6455819445272942	0.6455819445272941
-2.971120746073944	0.2097255957927553	0.20972559579275524
0.5341005317385177	0.5131676324838932	0.5131676324838932
1.779261591246874	0.62095946014891	0.6209594601489099
0.1645679785508483	0.48117772323830005	0.48117772323830005
2.1309607501307024	0.6514055577319051	0.6514055577319051
-1.0345769002007443	0.3773694511045603	0.3773694511045603
2.81869488037116	0.7109417263906811	0.710941726390681
4.5977962472385006	0.864956009500113	0.8649560095001129
-0.7256771208793181	0.4041104670752364	0.40411046707523635
-0.8910050428015436	0.38979826325873385	0.3897982632587338
2.906768954235402	0.7185661741030748	0.7185661741030748
3.1591442914614247	0.7404139492558806	0.7404139492558806
-1.0457200543065366	0.376404804051198	0.37640480405119797
-0.8403736341917145	0.39418135252227265	0.39418135252227265
-0.5635692177210144	0.4181439184323456	0.4181439184323456
-2.688901022068554	0.23415695719886054	0.2341569571988605
-1.8373038929683965	0.30787851336142796	0.3078785133614279
-2.008281533504136	0.2930772214141223	0.29307722141412224
-1.5355951302082569	0.3339970132230502	0.3339970132230502
-0.0693697747735623	0.46092606358501576	0.46092606358501576
3.1010009856281537	0.7353805656992755	0.7353805656992755
-1.996708081477582	0.2940791187484545	0.29407911874845444
1.9686447969531675	0.6373540957795821	0.6373540957795821
-0.4279776884510179	0.42988188489403245	0.42988188489403245
-0.0989274193048659	0.45836730020161853	0.4583673002016185
1.3496389843332075	0.5837676401415302	0.58376764014153
-2.245444043124597	0.2725463991800047	0.2725463991800047
0.7648194923681012	0.5331406458168474	0.5331406458168474
0.3329044164261122	0.49575037001570393	0.4957503700157039
0.9849025280162982	0.5521929222026438	0.5521929222026437
0.5783372878156362	0.516997145743332	0.516997145743332
4.9106002798217885	0.8920350111406342	0.8920350111406342
-1.275479968502632	0.356514814008357	0.35651481400835694
-1.0619939100036353	0.374995999434838	0.374995999434838
-1.2462810528495287	0.35904252274133597	0.35904252274133597
-1.110954238320509	0.37075757322318087	0.37075757322318076
-1.2747742546130354	0.35657590665929345	0.3565759066592934
2.378033062215104	0.6727942575162644	0.6727942575162644
2.8410084959797097	0.7128733844600476	0.7128733844600474
-1.1414925874989523	0.36811391162881923	0.3681139116288192
-1.6647111462084574	0.3228196227648371	0.3228196227648371
0.9428311127728082	0.5485508594293828	0.5485508594293828
-1.1044460885619425	0.371320974521219	0.3713209745212189
1.2658636355110215	0.576515326961753	0.5765153269617529
0.4058460417025994	0.5020648231070284	0.5020648231070284
-3.031488229994464	0.20449966829233968	0.20449966829233962
3.0950104026601237	0.7348619694245431	0.7348619694245431
3.5917553461910434	0.7778644749539847	0.7778644749539846
-1.2255773809687724	0.36083481026459396	0.36083481026459396
-0.7754031198719683	0.3998057578386635	0.39980575783866346
0.5717307814498099	0.5164252298532429	0.5164252298532429
0.66891357997405	0.5248382069460739	0.5248382069460739
1.3170885453456609	0.5809497947849209	0.5809497947849208
4.020409077532699	0.8149724207766641	0.814972420776664
-1.5965944890769077	0.32871638520417984	0.3287163852041798
-2.7586384560290544	0.22811988640720018	0.22811988640720016
-1.461860079883838	0.3403801519959406	0.3403801519959406
-0.0662539457475941	0.4611957964865036	0.46119579648650355
3.589115727035576	0.7776359668658664	0.7776359668658664
-1.0352225980723428	0.37731355395521765	0.37731355395521765
0.447575903277797	0.5056773180634437	0.5056773180634436
-0.0328457921455041	0.46408789298131753	0.4640878929813175
2.376786546896168	0.6726863484522807	0.6726863484522807
5.053864851747243	0.9044372220269822	0.9044372220269821
-1.0617375458406413	0.37501819251698265	0.3750181925169826
-0.9788788850364444	0.38219114931462506	0.382191149314625
2.088321754138144	0.6477143602978527	0.6477143602978527
1.3637829792526228	0.5849920657298556	0.5849920657298555
3.693414651472067	0.7866649768904362	0.7866649768904361
